2 0.014190 0.026720
3 0.016663 0.028059
4 0.019464 0.037435
5 0.023811 0.037914
6 0.025750 0.035769
7 0.028296 0.036130
8 0.032155 0.043230
9 0.033645 0.045925
10 0.037329 0.045723
11 0.038465 0.045103
12 0.042613 0.045768
13 0.043474 0.044969
14 0.047793 0.044811
15 0.049070 0.045262
16 0.051992 0.052595
17 0.055319 0.055802
18 0.056882 0.055352
19 0.058890 0.054062
20 0.063643 0.053835
21 0.064261 0.055368
22 0.067967 0.055346
23 0.071534 0.053872
24 0.073160 0.054909
25 0.076028 0.054141
26 0.080553 0.054429
27 0.082144 0.054256
28 0.083162 0.056129
29 0.086103 0.054956
30 0.089930 0.053040
31 0.092606 0.053375
32 0.093642 0.063017
33 0.097851 0.064724
34 0.101229 0.061640
35 0.103164 0.063575
36 0.105930 0.065150
37 0.111135 0.062497
38 0.109742 0.064299
39 0.113404 0.062524
40 0.116099 0.062389
41 0.119078 0.063552
42 0.121519 0.062164
43 0.124227 0.063381
44 0.127136 0.062744
45 0.127853 0.063917
46 0.131236 0.066390
47 0.133936 0.062689
48 0.137879 0.062065
49 0.141860 0.062913
50 0.141859 0.062457
51 0.144505 0.062837
52 0.147014 0.063071
53 0.150264 0.061927
54 0.151810 0.064585
55 0.154515 0.066067
56 0.158505 0.062238
57 0.161687 0.062796
58 0.165413 0.064015
59 0.166245 0.064051
60 0.168529 0.063733
61 0.172016 0.062960
62 0.173807 0.063865
63 0.177169 0.062135
64 0.179106 0.069544
65 0.179792 0.073415
66 0.183517 0.073830
67 0.184542 0.073251
68 0.187720 0.071273
69 0.192763 0.073563
70 0.195771 0.070986
71 0.197719 0.071573
72 0.200834 0.070961
73 0.204595 0.070057
74 0.207155 0.071622
75 0.207079 0.072391
76 0.210269 0.069725
77 0.213995 0.071884
78 0.216851 0.071229
79 0.218122 0.070505
80 0.222110 0.070680
81 0.224102 0.072522
82 0.226321 0.071099
83 0.228667 0.072912
84 0.234535 0.070345
85 0.234734 0.071331
86 0.236480 0.071281
87 0.238671 0.076072
88 0.242127 0.072504
89 0.243021 0.072798
90 0.245325 0.072557
91 0.247541 0.071012
92 0.252323 0.073072
93 0.255356 0.072167
94 0.259217 0.073331
95 0.260617 0.071515
96 0.263740 0.070254
97 0.266666 0.070731
98 0.268224 0.071874
99 0.271124 0.071252
