2 0.002042 0.002273
3 0.003247 0.002134
4 0.004266 0.003519
5 0.005630 0.003623
6 0.007140 0.003444
7 0.007931 0.003467
8 0.008858 0.004640
9 0.010014 0.004654
10 0.011178 0.004713
11 0.012331 0.004723
12 0.013548 0.004735
13 0.014683 0.004731
14 0.015808 0.004794
15 0.016965 0.004885
16 0.018136 0.005885
17 0.019364 0.005925
18 0.020463 0.005964
19 0.021626 0.005990
20 0.022775 0.005976
21 0.023937 0.006000
22 0.025099 0.006033
23 0.026261 0.006069
24 0.027453 0.005970
25 0.028585 0.006010
26 0.029745 0.006050
27 0.030941 0.006087
28 0.032068 0.006041
29 0.033253 0.006073
30 0.034592 0.006246
31 0.035550 0.006231
32 0.037183 0.007079
33 0.037906 0.007120
34 0.039752 0.007163
35 0.040215 0.007190
36 0.041935 0.007147
37 0.042520 0.007184
38 0.044370 0.007100
39 0.044828 0.007139
40 0.047019 0.007162
41 0.047219 0.007185
42 0.048408 0.007238
43 0.049524 0.007270
44 0.051298 0.007105
45 0.052707 0.007267
46 0.052987 0.007314
47 0.054184 0.007348
48 0.055296 0.007173
49 0.058054 0.007391
50 0.058787 0.007275
51 0.058803 0.007276
52 0.060012 0.007234
53 0.061116 0.007299
54 0.062339 0.007319
55 0.063499 0.007361
56 0.064672 0.007259
57 0.065790 0.007279
58 0.066967 0.007334
59 0.068135 0.007359
60 0.069283 0.007367
61 0.070412 0.007357
62 0.071621 0.007437
63 0.072838 0.007441
64 0.073950 0.008346
65 0.075099 0.008381
66 0.076279 0.008415
67 0.077423 0.008455
68 0.079084 0.008424
69 0.079714 0.008456
70 0.080942 0.008509
71 0.082044 0.008525
72 0.084937 0.008391
73 0.085401 0.008450
74 0.086063 0.008500
75 0.087250 0.008519
76 0.088320 0.008658
77 0.090373 0.008531
78 0.090810 0.008457
79 0.092727 0.008614
80 0.093620 0.008664
81 0.095134 0.008443
82 0.095445 0.008496
83 0.096529 0.008522
84 0.097700 0.008504
85 0.098344 0.008524
86 0.099537 0.008570
87 0.100629 0.008605
88 0.101774 0.008536
89 0.102977 0.008531
90 0.104341 0.008584
91 0.105296 0.008596
92 0.106433 0.008576
93 0.107638 0.008611
94 0.109315 0.008664
95 0.110513 0.008676
96 0.111749 0.008435
97 0.112804 0.008455
98 0.114095 0.008515
99 0.115286 0.008537
